          50
   1  3.1263E+00
   2  4.1987E-01
   3  2.9274E+00
   4  1.5578E+00
   5 -8.3321E-01
   6 -1.2166E-01
   7 -2.6782E+00
   8 -3.1079E+00
   9 -9.6082E-01
  10 -9.9121E-01
  11 -1.7722E+00
  12 -2.3049E+00
  13  2.5166E+00
  14 -7.1147E-01
  15 -3.4255E-01
  16  1.0174E+00
  17 -3.0404E+00
  18  9.4785E-01
  19  9.1991E-01
  20 -1.1122E+00
  21  2.2349E+00
  22 -6.2023E-01
  23 -1.8418E+00
  24  2.9439E+00
  25  6.1826E-01
  26  1.0869E+00
  27 -2.7092E-01
  28 -1.0680E+00
  29 -2.5109E+00
  30  1.6051E+00
  31  6.6409E-01
  32  1.3763E+00
  33  2.4965E+00
  34  9.9418E-01
  35 -2.1946E+00
  36  7.0570E-01
  37  3.0075E+00
  38  3.1362E+00
  39 -1.5281E+00
  40  3.1960E-01
  41  9.9932E-01
  42  3.3932E-01
  43  3.0019E+00
  44  2.5254E+00
  45  9.9227E-01
  46  1.4380E+00
  47 -6.1289E-01
  48  2.6931E+00
  49 -2.2127E+00
  50  1.0966E+00
